9580 6409 4458 4608 6444 2958 5913 9125 2518 3916 1360 5341 2262 1892 8913 2184 4348 4662 2387 8444 5402 8721 4041 9871 2083 9362 3333 1372 1966 7255 7167 8953 
6284 6769 9299 6350 7111 8548 8112 8320 6581 8448 3192 3450 4949 2861 4873 4157 2952 3118 7678 4370 8669 3041 3152 3418 2542 2941 2138 4351 2346 8198 9542 8007 
8252 2389 9994 9163 6748 8594 6187 6068 4567 1985 7159 6085 3626 9547 2903 2672 4386 6905 7813 1655 8160 6214 3739 9960 2505 6173 1530 6604 2644 7587 1110 8355 
2791 2566 6574 5671 6958 3191 5095 2891 1373 8899 6899 9414 5574 8629 4814 4197 4470 7632 5328 8741 9170 9956 3117 2336 7085 1326 1658 7028 8606 6775 9243 2271 
6356 9346 8023 9870 8232 7710 4105 5964 7345 1472 7561 4242 3802 1736 4017 5900 1146 9170 7457 2268 7773 2353 3187 6366 9172 3557 8576 8775 1510 4973 5672 4029 
2698 5669 2471 6066 4950 5890 2186 9580 8483 1506 3863 1698 9250 7512 1723 4548 6269 1331 9204 8205 3685 4059 9216 5071 2947 9862 1732 9637 3955 6130 4997 9616 
1899 1782 4915 5901 5917 9411 3236 9490 3933 2489 9257 6823 9167 7386 3820 1620 2754 4511 4666 1586 5018 3982 2960 1662 9640 4865 7014 8767 8523 8583 8392 4871 
8932 1556 9625 3826 5605 8269 2186 9909 5990 8676 6517 7571 2213 5128 7326 5234 8862 5842 2852 2949 3980 6433 6508 4543 9488 7131 3854 1812 7600 8711 1986 1580 
3707 7615 4560 4368 1680 9971 8602 3904 7098 9787 3572 2962 3632 7798 5122 9119 9249 9301 3264 7168 6039 6509 1811 4470 7688 6251 5433 2960 9884 7257 5686 7160 
8896 2380 1036 8451 9167 5077 2450 3180 8430 4824 4541 4638 7727 7796 3096 9012 3981 2627 9998 6446 6690 2286 8643 2246 9652 8069 8516 4229 4205 7229 2531 1288 
7623 6391 5278 4716 1910 1232 4514 9452 7205 4692 3924 9346 3924 6178 7299 8381 4154 2822 8531 2389 2104 1921 5479 3058 9760 3904 9560 3046 1443 2804 1445 6500 
7110 3539 5708 8717 6496 7463 5896 2373 8946 2232 8086 7883 2094 8254 6568 3017 2764 6651 8000 1677 8221 6721 2810 2408 4321 1477 8195 1034 5543 7054 2275 2631 
1380 2198 8086 6125 7757 3414 4726 2766 7636 4021 9729 9297 8200 9397 8579 4100 8039 1569 6709 7657 5513 2670 7820 9600 5742 6737 3835 6722 8156 1423 4085 3079 
9192 4473 9245 2768 7390 5968 6768 8249 3714 5151 8105 8169 4752 4008 1907 3467 6003 7418 6369 9127 6818 8068 3246 8316 1625 6384 8805 4138 3077 6641 4104 2591 
3714 4254 3830 7152 5143 2758 7727 2956 2094 4686 9834 1411 7286 2582 9127 8385 2105 3915 1729 5676 2388 5713 6428 5925 1119 3743 8906 3341 5695 7808 6071 4103 
9383 7220 6034 7524 4750 3372 8296 9640 3970 8580 2211 4089 3690 9122 6682 1626 1617 1859 9550 5570 4916 6767 8585 1260 9570 5859 5874 8342 2339 7414 1023 8048 
8734 1265 4310 4957 8002 6188 4914 6646 3922 4926 4662 9121 4969 4615 8823 3751 3013 9061 2319 3230 4076 4204 5834 8023 9350 5911 3167 7998 1745 1633 4681 9475 
7985 6097 2659 8688 1346 2876 6978 1865 9317 3740 7541 3991 5016 9148 9624 7217 5459 9116 3574 5942 2774 1777 4171 9004 6652 4603 7470 5086 3772 5305 9527 9344 
7043 1506 6750 7090 7266 8742 5878 7767 7025 7011 6058 4685 6200 8464 4530 1154 8194 7619 8477 4689 8469 9764 5713 3259 8972 5167 4837 8984 8107 7070 7942 2016 
9199 1864 1706 6500 9688 5793 9996 5191 8553 8750 9725 3029 7541 5771 6468 5190 4935 4426 4531 6826 4431 4493 1118 2780 9684 9616 2067 3151 8263 3577 7930 4878 
4371 6109 7276 4623 7450 4700 1926 4708 3675 4995 2546 7190 6607 5764 1490 1147 7292 8719 4652 2067 1502 4200 7842 8636 7519 3056 7335 3214 7530 4247 1032 3772 
7544 7470 4539 3425 5887 1027 8886 5431 5513 3262 3175 6539 4347 8387 7702 6471 2745 7452 7684 5916 5170 9544 1584 6454 1859 8079 4935 7268 8618 6917 4833 1375 
5477 5138 2417 2143 3092 8254 1568 8489 7716 6165 4194 3210 5914 1850 4607 8680 5863 3828 7055 7420 2919 7778 4956 6041 8242 8619 9341 4518 1228 3055 2124 2912 
5436 1063 4086 8604 3577 4332 3911 7787 5935 8789 4363 8717 9421 4645 4998 3126 5715 4833 4932 3420 7209 5971 2543 5890 1254 5804 9536 5531 5613 5482 4169 1444 
9817 9622 3887 3391 7486 5702 1454 8393 5719 8841 8236 9936 6488 8763 3874 9042 2964 9154 6103 5025 4704 3529 1269 1581 4769 7304 3148 9649 6960 3733 1958 7215 
1305 9212 7556 8906 1399 9820 2049 1197 5998 2473 7442 4392 3411 8757 6260 9859 6345 3294 4957 2038 1302 3758 2183 8244 7653 7067 1401 9940 1327 1527 3982 5450 
1305 1001 3403 2638 8236 8327 5139 8733 8511 7616 9182 7314 9715 7839 5465 1893 7570 8016 7466 9895 4390 1823 1462 7789 4903 2393 9980 3949 4434 8428 9375 8473 
8190 7755 4919 2982 4531 4397 4649 6798 2843 3681 6380 4230 7557 6154 4081 1185 1395 7680 6930 5715 6626 8093 3761 1259 2603 5000 1358 6004 3072 9263 8656 5320 
8033 1955 7694 3367 3780 4139 5962 2054 1686 2558 1071 8450 9917 2887 3320 7480 3735 8581 6930 3948 3583 1092 4306 7346 6630 8132 9219 6308 5586 7498 1223 4656 
9195 2017 9448 7706 9228 2718 2431 7991 7150 4656 8273 4147 8729 7416 8268 4191 3199 7721 2850 2481 4726 4950 9126 8981 4563 2593 5911 1599 2508 3497 9158 6436 
8476 5939 1005 7184 2386 2114 2693 3537 4233 5959 7862 7602 3140 4628 2102 7904 5042 6556 4601 2406 4841 2927 8105 3622 9399 1346 6167 1605 8698 1319 4890 7893 
9661 7701 8625 5622 1191 3482 3373 5259 7386 3269 6869 3089 3304 7045 5583 7542 6282 6964 5253 2240 8778 8883 7876 9051 8473 5573 7973 5329 6960 1300 2063 5776 
