2847 4206 7863 3866 1824 6755 3238 2064 2835 7876 4403 5982 8022 3348 8578 6854 
4880 6337 5413 3826 1560 3114 8339 7928 7586 8334 5257 8194 4688 8885 5405 1805 
3484 6840 4874 1769 2294 8324 5742 4005 3057 6295 5479 8444 1225 8929 5325 1205 
4025 1929 9976 5839 8094 2874 5389 7265 4084 5377 3268 4166 6779 5261 2425 5035 
6127 3435 7311 4772 7032 8361 8703 7270 1023 5582 4309 5346 3066 2170 3762 8502 
1594 8357 4205 4512 6029 4042 6731 9406 7640 7284 3576 9658 9879 8309 2239 6828 
8460 6081 7938 6278 3593 6382 1160 5403 1567 1123 8250 9737 1953 8842 3662 3949 
2202 4106 9141 7725 9850 3235 7734 1989 4822 7726 5167 4737 1998 9943 8587 6448 
5429 2988 6171 6841 8825 9194 8955 6936 4954 1143 3104 2959 8439 5178 2317 2055 
6087 3174 9769 4651 4661 6242 8671 4421 4865 8078 3582 3830 6820 3438 8046 3358 
5146 8144 1038 3793 1118 6532 9903 2764 4987 7003 4173 6010 4195 6572 4904 7599 
1115 6925 8140 8299 9748 9579 1779 2038 7036 5648 5935 9953 4574 5672 3898 5091 
6914 7497 2635 1693 9773 6012 3634 1721 5075 7828 4724 5261 3878 7344 8170 6519 
7746 1861 5353 4572 2273 2443 8871 3085 1493 2741 1631 7353 3186 6699 6570 5011 
7981 2928 3630 7354 5009 3783 9429 4927 4102 8557 9785 1241 4650 1138 1287 5421 
4056 1891 8865 8815 3415 6631 9068 6619 1580 8077 9748 4819 3246 5118 4383 2727 
