2748 3105 7171 9458 7263 7887 9699 5963 6913 2439 4290 4063 1944 9827 8860 8764 3576 9671 4296 9203 2101 3584 5252 9571 3191 7166 8036 7394 6678 9270 7394 6665 5363 5329 5501 1103 1656 1739 2558 2049 6351 2639 3235 3369 5801 4020 2148 4915 6926 3384 4158 3062 4403 1792 3961 1337 5302 6881 9869 3912 8909 3660 9187 6405 
3064 7000 8395 6169 3651 2369 3097 7695 7242 1229 8775 7565 3098 4834 8457 3781 3215 6609 6302 8241 6388 5590 1767 1743 2238 6763 2354 8174 4025 5031 6715 4230 5435 8858 5528 4609 6486 3069 7084 1085 1415 3424 6820 6897 7340 4316 5017 9118 9202 7965 2953 7886 7186 4182 5730 2313 2936 9343 4481 9563 6872 9240 2191 8343 
7017 8978 5909 1257 4746 8155 2597 1693 5602 8225 9399 4085 8019 4143 1312 2331 5532 4927 1535 7557 4063 7798 5440 8245 3802 4646 9384 7151 8946 3648 4141 6818 6167 5089 2000 5866 7449 3194 1629 7383 5976 6477 1682 6506 7151 2403 1377 7281 9264 6919 6070 2658 9461 8141 7962 1561 4496 1025 5774 7282 2790 3301 8781 6331 
7326 5283 1270 6484 9666 3946 5717 6913 4048 8830 3428 1018 8043 7276 9780 8874 7600 1540 8550 8347 5644 3078 4883 6147 8834 6444 8842 2581 1269 1189 8426 2645 9681 7834 8507 5534 6228 5057 3173 1343 8703 5338 2302 1234 2974 2600 8159 4483 4981 7355 7550 2319 4918 6283 9269 3296 1980 4383 7286 9073 1550 2786 1358 2421 
2841 6898 3474 8469 2459 8926 9959 2126 6591 1353 5019 4861 5196 7945 4408 8008 9581 9825 4123 8366 7494 9209 9154 7049 6806 1233 2038 3070 4562 6170 1856 1916 2031 8313 4907 9331 5289 9536 3659 5375 4039 8617 5615 4069 5460 2083 5024 7755 3776 9832 8317 6078 2096 1528 5898 6002 3602 9828 9515 9830 7495 1122 5240 6843 
7330 8995 8713 2904 6556 8983 2377 2970 6756 7424 5043 6127 3320 7998 9050 8354 1083 6980 9386 4093 7341 8410 8329 9598 5312 5213 2977 7535 6933 9654 8712 3866 5824 4653 9033 3202 9098 1010 3517 3124 1725 5390 1888 6948 8539 8511 8211 5028 2575 6521 7108 2338 1656 4130 7997 5058 4175 3606 3485 8299 3501 1840 6870 7212 
8969 7833 2291 4411 4560 1636 8976 2307 5787 5022 9859 5233 9367 9800 5567 8532 1274 7070 9605 2082 2578 5580 9351 8209 5030 7174 2105 7658 7875 1906 2522 9546 8138 1786 5112 6619 5471 9386 3210 3298 9202 8308 3868 7937 2846 8683 8375 3994 8720 3460 2255 8637 7766 8092 6839 4875 7314 7779 5242 5007 2819 3493 4797 3160 
7466 3504 6684 7659 9655 7880 6837 3254 7607 7984 2430 6460 6034 1605 6984 7764 5732 4854 6546 6663 2899 7518 3020 2101 7494 7330 4726 7313 2286 2474 4141 6268 7322 7041 2737 9249 8975 6292 5874 8182 6773 1321 9954 8489 8373 3817 8129 4004 3380 1257 8841 7071 3769 9825 5224 6208 9850 9309 4246 3342 9457 7950 1631 7764 
7667 3247 6372 8797 7119 4593 2528 6679 9866 9117 2312 5064 1511 2702 1720 3561 9865 2163 6518 7810 2034 6877 2056 6702 4145 2988 6829 1463 9908 8272 7103 5138 2890 8062 8976 2898 3874 9020 1895 6816 8177 9624 4401 3718 5687 2092 9071 8165 1826 2754 1914 2939 4530 9881 8371 8376 9835 9017 9192 6369 9546 6905 4645 5050 
6599 3141 8668 3043 4487 6831 1090 2550 3424 4422 4418 3205 7222 4353 2070 7783 3211 9835 8355 6366 2396 4991 1226 8810 1113 6499 5039 1755 9042 2818 3523 5182 5783 2290 2247 7434 6382 6875 3260 9451 3331 9827 5261 9155 7051 8859 6337 2412 1110 5863 3568 1217 3444 6118 4936 2921 3772 5958 4294 8360 7505 8691 8412 8481 
6514 4659 5227 3039 7534 1642 4554 2758 8948 2376 3025 5766 2156 7094 8250 6737 5115 1790 2960 3464 1890 2493 2565 3017 9651 1345 4439 4130 1030 9885 4046 4234 3081 1683 6500 1675 8855 5659 7001 5848 1789 7410 7479 9409 9708 5730 3754 6029 9260 7965 4242 2948 6357 1145 3085 3802 1023 8804 6594 7081 4947 4347 3504 7138 
6603 7504 4744 4563 8363 5076 9206 2541 3240 2518 4894 5607 5559 1384 9094 3355 3594 9499 1559 8543 3317 9789 1713 8419 8128 7289 6102 5696 9434 4701 1204 2016 5312 5636 8509 9142 5355 9016 5527 7217 4011 5199 7257 3344 3788 4805 5093 7800 1910 1358 9468 3966 5770 7323 7952 3568 7408 5199 1414 3252 7237 9754 2328 2848 
2493 6762 6933 3837 1349 4445 7079 8401 5512 2440 8866 9902 5213 8372 6942 2661 2455 3333 9516 4935 5465 6183 6172 3910 1952 4458 8877 3881 1501 3166 6461 9347 2507 9144 2349 1897 7417 6223 8792 2657 6328 9645 5645 2246 4123 8520 6332 3437 1234 9930 5941 3541 2617 1832 8819 3987 7848 3809 3417 6053 6015 4120 3908 2440 
5526 4238 6101 6440 4101 8874 7820 8884 6482 6496 8221 8493 4462 4913 3642 3942 2858 5994 7208 1344 4772 6236 9271 5366 5622 5766 9705 9637 6960 6557 2665 3854 8376 2683 3183 1091 3133 4550 4281 2471 3772 4501 5558 1121 1494 9508 4192 6675 9025 9331 9759 9319 7484 3551 9111 7562 7963 6877 1757 8782 1270 7127 1667 1186 
7827 8100 8582 1779 4039 3385 1825 9720 3877 6708 4099 1692 7519 4241 5005 1266 9253 1428 9251 3975 2370 5150 3237 5161 3396 4724 4101 3980 2248 8589 3843 9559 5881 8809 7944 4278 7160 2510 5983 6540 3912 4394 8600 8264 2720 2080 3067 3967 6380 4094 2895 1583 4342 8570 9699 5753 1064 9472 4604 2517 2276 7549 3739 9392 
5856 2894 7069 6633 1993 8669 1773 1873 3194 3600 7236 1874 7740 3943 1605 3805 6414 9446 8452 9858 9781 7625 6417 8768 1502 4881 9568 6765 1628 5843 8583 1878 6876 4953 6585 1360 6789 9483 8035 8052 9033 3591 9586 6106 1289 8498 1943 1339 2394 9103 4424 7716 3297 8911 2316 1113 3773 5882 5012 4833 7417 8270 7229 7547 
1903 2081 4895 8676 3243 4087 9267 4728 4554 7779 2941 3830 2347 2488 3396 2315 8550 5584 7711 5202 2984 1562 8847 8252 7553 1652 1657 3387 6328 6607 7819 9435 5648 2779 5942 7593 3754 7163 1245 6312 4950 4081 3361 9371 1089 7485 7654 9455 8771 5184 9621 4104 8428 9816 8332 1995 9920 1902 2837 2103 5096 8342 9277 5157 
8162 1989 3010 2864 4611 4766 9692 4400 2946 5585 7121 4601 8256 7083 9904 8304 4101 9853 5805 8473 9235 5394 6420 5480 8437 9779 1692 6024 1461 8937 8275 1439 9347 5965 5948 2241 5439 3347 6929 2122 6888 9167 9483 2573 2275 4304 5169 4586 5542 2878 2310 3876 2352 6974 3954 1303 6220 7842 4920 8147 1123 7407 4081 9849 
7583 3420 2622 9878 6294 3662 5180 8851 3860 7068 6276 9526 1878 3071 9724 7676 4072 1179 3301 6839 1360 3335 5748 1991 5026 5720 4309 9115 7154 4242 4876 6444 1514 3412 4548 2667 9702 6995 2334 9111 5829 2083 1522 5721 5641 6333 5503 4187 6136 6441 7727 4506 8463 4333 2750 2578 7361 7164 7733 4195 5019 8471 9802 4393 
3553 9949 2501 1384 7312 3592 1142 2632 5766 7634 9097 8853 7277 4894 6433 5445 9293 5166 9173 7424 9083 8785 3133 6129 4056 3087 7749 9046 6192 9683 3076 8910 1450 1707 7550 7912 7677 3572 7650 8047 5933 7115 6581 2805 1279 7398 5637 6451 7829 8903 1757 4688 5174 1131 2682 8018 4199 4111 3461 2103 7060 4298 7539 7946 
1149 3070 6443 2447 8088 4332 1230 9896 7394 8953 5268 9537 5385 2081 1368 3319 9290 3472 6890 3737 2153 9847 3601 7376 5325 3346 4836 9746 1255 4321 1725 4019 5257 8125 1480 8568 7440 2449 5425 8517 6176 8307 8326 5881 7906 3377 2397 4483 8910 5638 2648 5852 1404 8752 2501 7966 9472 8858 9101 9954 9662 5986 5235 1120 
7290 9270 1969 4111 7316 5530 7572 2826 6609 1406 6031 1170 6336 5407 1980 6506 2698 9175 7398 9549 7290 4215 4410 2023 1019 3061 8449 6573 4529 7696 5371 5916 4842 4596 3710 1261 4869 3832 3250 9300 1663 4071 6493 8342 4368 3110 2788 2586 4343 6538 8725 9279 4506 2929 6395 2053 1877 5600 6052 4245 1812 7230 8365 6989 
3722 5678 4924 5471 9176 5408 8767 8772 6471 7140 4701 3330 7046 4771 7353 7024 6697 5094 3522 2585 7519 3399 5745 3676 9509 2762 1235 7559 3638 6529 7495 4421 4519 1371 6496 4047 8528 6046 1452 7553 1464 3598 8408 9814 4555 8383 9145 4223 4506 1901 4814 2769 7279 4452 3643 6480 4846 6841 4106 8109 8626 9018 4826 3559 
7811 9929 9017 6996 3565 3518 5633 6398 2491 8939 6860 5017 1863 6291 6647 5579 8922 1203 7399 5384 9593 8759 6066 5174 8169 5750 9096 9797 8939 9981 4398 1131 7028 9435 4966 3325 8198 7575 8758 8072 6517 8422 5379 1816 1843 3818 5825 4271 2793 4444 1375 3834 2659 5323 5783 8440 7133 8790 1245 4973 2328 1484 7353 1434 
1009 9432 7620 9630 5168 6311 4209 6665 1987 8395 4083 8818 2300 3459 7491 2192 9643 3952 6378 8923 7948 2749 8824 1886 9384 2719 7361 6367 7494 4304 4705 8019 3274 7634 2882 4289 7153 5845 7873 5761 7477 1465 3650 4002 6958 7568 9982 8640 4977 4656 7378 7210 3218 5531 6838 5691 2187 1323 5646 6880 5274 2775 1950 3876 
3720 9932 1670 3019 2802 1019 7958 1729 8440 5370 7926 6564 2379 6942 6540 6439 4459 4500 2563 8114 5317 2950 9673 3822 8716 5335 3220 1210 3980 3230 2028 2579 3015 6679 1416 5583 5250 5202 1999 2734 5782 9119 5827 8823 7531 5125 3348 4757 8487 1562 7673 5071 3863 9982 4959 4782 6123 7935 9375 7357 5815 4851 4847 5375 
3150 4534 7991 6033 9174 3736 1977 9522 3155 1455 9253 1335 1007 4439 5905 5369 5583 7789 1556 7313 5733 7206 9349 9327 5505 6643 6746 9821 9854 7647 8708 3498 9533 8464 4121 3414 7799 1453 6866 5892 6218 3770 7835 3138 6971 4858 5000 5279 5801 7326 4248 1324 3434 4572 7719 8836 7742 3333 2927 5939 8970 7675 6360 1615 
3484 6886 2894 9771 7238 6211 2273 5739 5641 1249 8227 2014 5725 5656 4759 5633 4132 8524 3892 2917 8946 6282 8579 1717 8496 9096 5837 5036 3970 4534 7822 5349 3014 4723 3204 5782 6326 6875 3912 9886 4561 7440 5458 4481 2372 6367 6980 4196 9204 2444 8053 7701 8640 3563 8704 4092 6189 2161 2453 1534 7454 1188 2887 4459 
7789 2028 4014 6145 7548 7575 6416 3549 9230 8305 6002 2078 2899 1226 5668 3134 3231 6555 8011 2038 6695 9237 1384 8708 4184 2324 4713 6275 6958 1895 7012 2588 7101 3311 8566 7362 6372 6063 4596 6784 1881 4736 3658 8575 3221 7837 2642 2721 2428 9592 2148 3198 3918 2927 6067 7790 4366 7566 9074 1968 3794 5555 2068 9476 
3382 5739 5052 9571 3081 8236 6455 8134 6702 6518 5585 5743 9772 1572 6343 7165 8361 9634 2662 9108 2121 6976 6720 2564 2540 8499 1136 7788 1190 8063 3656 8452 2563 1719 6412 8715 3497 7027 9027 5599 7623 5315 2097 9247 7042 8655 3923 5319 2767 1794 1331 5094 6082 8197 3431 8329 9096 8638 7626 3275 2283 5818 4434 2270 
1091 8898 5693 2970 8704 1871 8381 9223 5147 7346 6164 2582 4168 8435 2610 4024 7833 1877 6165 9182 2926 3006 6023 1789 4785 7403 5359 1621 7585 5110 3388 3684 6312 7724 5476 4431 2483 7008 2992 4892 2729 7495 9330 3320 8031 5926 2024 1116 5526 3861 2662 6547 1032 4319 7374 9350 7251 7609 7747 8627 6851 3551 2688 6538 
9051 4303 5456 8373 7389 6185 6627 3437 6325 1851 3383 5919 6389 1175 2733 9064 3228 4551 9593 9915 3445 1958 9688 3083 8178 9528 8499 4923 9086 5254 8150 2691 7853 3335 7159 2300 7387 2748 4785 5727 7480 8931 4086 5885 9866 8000 3683 4917 5347 6321 1219 4678 8109 1950 8046 4264 4813 4414 3211 9196 6792 3136 3753 7447 
1073 9750 3385 9505 6937 5426 9625 3887 6053 9995 4229 5465 5174 9037 8218 7104 4321 8581 3043 1194 4706 1385 3869 6765 8385 5850 7130 7198 2076 9531 2471 4628 9061 9880 7688 2514 3730 8081 6794 8457 4362 3628 9923 3638 6260 5901 3119 2497 7986 7208 3778 3638 2462 4171 1745 3891 8644 9228 3362 4244 1702 7563 8547 3494 
3986 6250 8594 6954 5327 5934 6146 2572 6344 3646 8791 1632 8680 4676 1931 5752 5530 9803 7281 4685 3346 7533 8445 8222 6286 8413 3649 4913 1454 1210 2116 1869 7593 4721 3603 1531 8205 5112 6705 1521 1301 9430 2585 6067 2712 5681 6953 1118 9014 1406 3142 9866 4217 5662 7016 1926 3583 3496 8693 8645 6200 2590 4181 2502 
3519 7737 1202 8300 5621 5341 9824 9443 5741 1266 9513 6436 4956 3671 2311 6367 1393 1900 2667 8643 8930 5282 2851 3624 4888 7424 6575 6788 7992 1632 9899 8983 9133 9783 4050 1378 7004 9441 7040 4414 6488 4344 4761 7529 5444 4388 1902 2426 6244 7680 1358 1272 1141 2632 5427 5926 1241 8143 3718 3157 4407 2013 1857 2881 
7446 3588 5066 8556 5716 8907 6313 9832 9561 5377 6361 9904 2419 5487 1573 3671 5461 1508 7750 6433 3627 3011 1250 7389 4686 5335 9274 6770 8588 9076 8145 8826 7169 5051 3844 5351 6418 5570 9204 6022 4776 3113 7225 5065 2060 8887 6371 3212 3707 7267 2781 7022 9169 5570 2215 9532 8253 3305 9716 2592 1714 8431 1927 4958 
6584 1860 1734 2437 4391 2853 6644 3858 5939 7650 4837 2280 2347 8143 2163 7960 7615 7540 7013 3632 8955 4654 9419 8849 8208 5634 5060 1597 3090 6130 8735 4205 4696 5867 4810 7615 1586 8801 4097 1436 5810 7628 8576 9334 5004 4329 9144 9443 3859 3414 1171 1684 4758 2315 2271 1530 6262 8621 3608 2137 4221 5342 7192 4768 
3580 4015 9389 5309 7846 6791 1293 2605 4006 4512 1657 4407 7061 8228 9050 8380 7277 2618 5008 1068 2384 7525 5694 8513 2833 8425 9372 1274 6188 8704 9607 6451 6461 8908 2958 9688 1751 2279 4927 8869 4076 4603 5185 8532 2720 5735 7064 8306 4290 1486 6268 4047 3461 7020 5518 2960 8230 3644 7938 7291 3271 6370 8754 9463 
7465 7132 4085 4317 4646 7508 1995 5862 1512 8134 7130 1689 8960 7957 1587 8004 9333 3896 9891 2127 4288 1596 6058 1817 4419 4786 7227 9673 4138 6731 8330 5257 9685 2717 4724 1932 9597 3832 1111 4986 1247 8557 3592 9476 6577 8417 9222 9438 1344 4050 3039 4477 1449 2766 2219 4745 4331 8125 9779 5680 9533 7102 2622 3662 
1448 5041 1762 5748 9124 6188 5633 4111 4938 3640 5410 1654 1822 3563 5559 9616 3808 8097 5933 6716 6492 2127 5721 2791 2989 5333 7610 8865 1619 8166 8700 4856 4856 8554 1921 3407 6175 1408 9188 1131 1590 4140 6565 7929 3352 9230 2399 1093 6075 6634 9998 5965 4213 8114 1526 1628 4351 4086 7871 3245 9904 6308 3240 7430 
6598 5033 6826 3703 6664 5345 2033 1444 1716 9058 3034 1838 4860 2251 8782 7289 5217 2974 1645 1479 1163 4575 4936 4493 3110 5065 9528 1009 2896 3885 9801 6650 7593 8135 3081 4112 9823 2003 3498 3810 8620 1980 1904 3656 7214 4288 7980 3983 8532 7148 7155 3927 8591 1877 1083 4874 1467 5090 4130 9268 5414 1476 2414 5514 
7176 5070 6398 7913 7456 2427 2388 3311 9362 8630 6741 5775 3716 8783 8646 8534 1814 7176 3694 4324 3038 5486 4372 4697 1751 9508 9888 3892 3921 8749 8414 7529 4002 7605 2741 7579 3969 4129 4472 3757 7655 7198 3761 6099 8620 7970 9248 8753 9766 3637 7022 2662 9564 7662 1691 7615 4436 7633 7876 3920 4802 9744 6257 4619 
8268 2661 4884 7414 2665 6474 4773 2784 6488 2790 9765 9927 5911 2135 8292 5515 7343 7431 8679 2303 1928 9839 7231 8524 5607 6195 9018 7021 3920 1424 2064 8318 6311 6372 8317 8825 3186 8213 5293 8125 3969 4992 5106 6908 1317 7722 2490 4741 8097 4507 4868 8159 1367 1295 2381 6782 8130 2497 6808 6460 4446 3601 9450 2498 
3916 8143 3315 4603 7417 4857 4059 2574 9160 7497 6610 4832 4639 5237 5451 8282 3665 6449 1477 9462 8367 4594 1567 9720 3330 9004 4804 6539 2735 9644 7819 2283 1733 6427 2860 3178 6373 2273 2604 3210 9787 3711 2150 9121 8749 8725 7359 3559 9395 7679 6796 8447 2262 9305 9521 8926 3877 6767 2586 5258 3837 2332 3350 4045 
2633 1929 8399 7302 8467 7262 2228 8938 9714 8581 5896 8479 3833 3731 9513 1416 3000 3536 5306 3716 1834 1613 9945 7326 4164 9286 3996 9272 7337 8247 5651 3431 6023 4824 9708 1937 7356 4167 6755 3452 6553 2527 3608 3825 4084 4092 8087 9547 7798 9762 2053 4254 2399 3949 4538 3071 9149 5574 4499 5647 9260 9249 9498 8013 
4862 5877 6208 6055 3987 5518 1158 5211 1341 7147 5178 1852 2065 8027 1666 2825 3810 2067 8471 7838 3446 6996 3788 4329 7965 3821 5653 5603 3183 8406 5190 7280 5684 5792 7465 2245 1129 8955 6927 5879 6374 8814 8549 8674 8402 4441 2854 7922 1257 9213 3732 9973 1822 4123 7924 8191 4436 8281 1779 3821 8569 7142 6152 3886 
7700 5542 1337 2941 3467 3001 1066 8504 7128 6065 6527 9554 9502 6308 3051 4177 3374 8254 4112 2862 8772 7556 9560 9952 5913 7964 5372 6638 5504 1603 3009 7088 7840 4164 3696 4483 4554 5110 3009 2247 7455 8318 2909 3826 6373 9811 1715 1061 6968 3732 8848 2059 9967 9031 4185 1508 4909 5202 8647 8008 3666 6413 6035 6975 
6054 5974 3590 4139 4173 8936 6698 6154 3990 2839 1180 5317 9464 3409 2179 5301 8842 6535 3484 3976 8093 8087 4957 5537 3121 2600 3828 5396 4253 5109 7522 7730 4143 4555 8229 5089 9580 3248 8451 6175 3997 3887 1785 5329 4113 9253 6570 5555 8392 8574 8630 1136 1844 8255 4100 3580 7039 7716 3362 1690 2798 9170 8250 2845 
9284 1316 7326 4953 3400 9667 1595 3564 6157 5259 9521 5070 3791 6255 8799 4994 8666 5302 2281 4264 6090 1286 9716 8372 2580 6675 2711 1145 8424 4621 3440 9786 5578 3714 5828 7743 3058 9948 6152 4295 3408 2535 4052 6647 1467 3600 5299 6554 8823 7157 4834 1639 1602 7356 1856 8111 7798 9814 3562 6014 6167 3877 7040 6117 
8670 2026 2622 6983 1132 3581 6747 9978 4323 2943 6158 9748 9652 8788 2930 2722 7168 4007 1930 5562 9683 8144 3365 2590 1336 1570 5335 2124 7424 1616 2465 7454 5961 6250 2168 5942 5999 2620 6104 9340 7109 2834 4749 3661 8837 9110 8187 5967 8079 2529 7529 9849 8276 2942 5835 7796 3890 5188 2679 6229 6493 1260 7403 8320 
8351 4548 8366 4376 3449 8326 8609 1679 3389 7663 7294 7078 1467 7432 9391 5184 8047 3393 2461 2341 7095 7945 5497 5345 3219 6777 5958 4161 3391 9575 7582 4940 7502 1294 8378 7872 8869 3730 6780 1021 4277 7789 7829 7079 5518 5718 9682 4534 4696 2931 4968 6502 5738 6942 8617 9685 6487 9308 6232 4365 9717 7571 2633 5296 
4063 4749 4705 5187 1644 5605 1281 7139 2497 7972 7755 6752 6714 2799 1230 1171 6074 5543 5348 9125 5863 5144 1607 2713 3025 2507 4020 3565 5955 5857 6936 2329 1173 2515 2084 9573 9760 1489 8248 3791 1758 8862 8629 8993 1900 2160 6524 7068 7373 7290 6914 1715 6148 1962 8486 8565 6175 7250 9857 5919 3407 7591 1058 2292 
8482 2273 2562 6229 9281 6368 5008 1896 7629 6329 7556 7474 5162 8260 5483 8881 1377 5518 6515 1742 6687 9232 7896 4098 4560 4867 9620 4085 4285 8098 1824 8915 8062 4486 6930 6648 4430 9450 2348 7637 4479 4750 2104 6134 8393 6719 6288 5039 2669 2903 1536 4848 9629 4732 5286 2644 2052 9749 7081 9896 1506 5100 1996 4706 
1874 6291 4670 5872 3539 9260 5004 2890 5803 1445 6387 4751 7115 1228 2887 2903 4188 2270 6462 9555 5657 5036 6998 7762 5162 2346 4527 7096 4008 6387 4126 2215 4775 4949 7315 1607 2839 6285 2858 9130 4288 7846 9830 2309 8833 5096 6045 2632 9380 2208 1037 9730 7953 6002 3313 6775 8957 7964 6256 8122 3782 7433 2423 2663 
2638 5126 8511 3951 9573 8892 3611 7043 6621 6383 9461 6726 5708 7701 2979 9762 4271 7136 2116 5218 4041 7692 3906 9510 5167 4567 8826 9742 2052 2495 8872 3629 2463 8318 8236 3773 7809 7990 3774 6675 3376 8754 1012 9994 8465 5396 4385 8581 3595 9675 2220 1990 9806 4703 5711 7426 6538 5126 9074 4891 7531 1097 4973 8166 
6802 5527 5025 7940 6983 4860 9900 7276 8770 8570 7521 9364 7376 4130 7158 9792 2796 7813 5887 6281 6839 4538 4211 6924 4316 5299 6795 7166 3091 8280 7288 7259 3462 5916 9123 7877 9396 6962 7053 9630 5361 7076 9979 6873 8667 2015 5518 3860 8494 4317 1325 5882 3789 4383 2832 2475 2492 6395 8255 5016 1920 2783 8435 6668 
5943 8173 4616 8746 4773 8671 8509 3016 9421 3558 1074 2328 7339 1113 3456 8081 3871 8946 4730 2652 8962 9963 1482 7810 5367 8610 9511 7222 1366 6140 5550 5753 4979 3465 8318 5843 2083 7689 3174 1430 7405 5153 9569 6612 1585 6191 2081 9371 7590 4956 8384 2993 8561 8906 1794 3932 2401 8848 6748 5054 6003 8004 3121 3985 
5084 4204 9949 1217 6347 4560 4625 7423 7925 4558 5137 2340 7876 4427 3992 6517 7636 9660 5893 7886 2349 6147 9935 3072 8606 2553 9512 5059 3782 5353 9584 8141 7921 7884 7553 8205 7855 3686 3944 5867 2420 2950 6217 3421 9360 2643 1043 7018 4678 7407 7028 8170 7636 8147 3206 3108 4652 4427 4366 8621 7025 9635 8728 9231 
5341 7664 7586 2533 3483 1847 9642 5691 7527 2433 9451 6353 9796 6495 9020 5600 4572 4075 6936 6804 6505 6999 3088 4233 7566 2501 6371 3031 9470 2995 5037 7926 1075 5581 2087 6383 1406 6884 7826 2579 1323 9839 7221 6743 5026 8097 9864 2658 6101 5091 3002 6010 1481 2441 3332 9625 1999 7620 7534 9049 2930 1282 4498 6044 
3682 7034 4268 4001 5869 1098 5388 6947 6930 5392 8802 2904 8824 7384 1246 6244 2869 8608 7084 2461 2673 2166 7881 1297 3554 5771 3158 5382 3202 1154 1384 5299 9478 9789 6897 6022 8175 3440 2411 7250 4137 2482 4178 8783 4522 5454 1415 6832 4817 6265 1123 3442 2819 7249 1732 9673 8585 2532 5588 9153 7585 6664 6380 6555 
6313 3919 7747 3936 3213 7063 2947 8669 4272 2130 4517 1176 2358 9143 3322 6325 7757 5930 6919 6177 4558 2258 3736 2662 6176 4175 2486 6214 9760 2849 9097 3205 2132 2205 7340 3095 8001 8370 9790 9878 1671 1376 7740 8972 4239 1896 2849 7621 2307 7325 7934 2810 7612 6692 5365 3949 1981 4553 2710 7658 2257 5431 7914 6582 
2556 9211 2832 5985 1125 9115 8930 1056 6417 8024 2500 8307 6576 1897 6125 4088 1822 2658 3797 8211 7293 4051 1630 9343 7794 1838 6121 1505 6801 5862 8322 3593 3335 6019 6787 7560 2772 5088 7715 2984 9787 3290 6192 9377 8539 9103 8037 2123 8534 8044 6932 6317 5200 6075 1907 8571 2581 1214 4345 4978 9090 9957 2115 1902 
5705 1695 8034 2949 3330 6975 1150 6908 7342 7105 5150 3443 2617 7031 9997 8106 5188 8963 2394 6965 2344 9534 9456 1384 2130 9830 3701 2298 4094 7593 7792 7112 8060 1233 4996 5879 3956 2660 8169 6881 5405 4834 7522 1856 7127 6996 4525 5583 7248 4443 9417 2010 8535 6138 5417 8295 6028 7577 9947 8722 7269 4306 3688 1709 
3803 1301 5883 6977 1421 8426 9597 7826 3481 7071 6752 7299 1005 7032 3086 2303 6528 7996 6586 3574 3845 9079 3170 6915 1253 1107 1228 5905 8332 9829 7514 7514 2422 5231 6007 7001 9719 1179 5925 1314 8498 3970 7596 3774 4788 6330 8373 2061 8795 1990 5676 7193 2952 4883 9432 4619 7965 3750 4726 6976 2382 5424 3569 9970 
