3500 4130 4925 4024 3142 1828 4976 1684 8129 2023 4577 2602 8933 7468 2283 5464 
4983 1419 4502 6640 9219 2619 5760 1239 8231 4476 2491 1887 3606 7766 1096 6237 
5628 8774 4944 7476 4508 6890 8765 1876 6536 7018 3630 5527 9747 4966 7205 9510 
3757 3501 4183 5963 5304 8896 3958 1473 7131 3163 3562 1360 7093 6518 9667 8543 
3067 2646 3809 6264 3878 9756 3863 4418 3615 5587 4119 1766 9634 9181 2467 4637 
6820 4097 8099 3742 8060 2211 5930 8116 7995 1141 2071 9612 5101 3625 4426 8533 
6271 4121 2344 8741 1468 6907 5317 2039 7603 4115 3428 3874 8868 4394 9301 3151 
8794 6122 3842 1083 1851 1595 3991 5967 8073 2132 6295 4736 4679 4875 4770 2236 
8180 3224 3980 1933 7082 6577 4804 8696 9296 5046 7359 6154 1579 2398 9422 8427 
6497 5890 5975 3651 3719 3290 9570 4579 6889 4344 7559 4368 4802 5513 4326 1157 
9414 7369 9465 6801 5669 4890 7342 3182 7484 4972 7659 6540 2860 2553 3847 5017 
2801 3183 7995 6625 7250 5923 7748 2898 4108 2219 9549 2997 5914 4516 3941 8686 
1345 2948 3532 1940 8937 3249 1183 6131 5033 7645 5594 4083 5641 5315 5964 6494 
6653 4686 8267 2781 7009 6594 5746 4982 5925 5234 6978 4194 2081 6883 6106 1624 
7516 7475 8126 3455 4367 3499 9276 1228 5748 4992 4454 5906 4660 2434 9935 2249 
8095 9551 4390 3159 2052 1846 7665 2275 9307 6690 3279 5532 9098 5893 7128 6842 
