3322 2440 3964 7865 7850 1104 4271 9775 1053 9296 5582 6278 1445 1572 9893 8295 4479 1321 1447 5614 2342 6725 7332 2636 2777 6848 6538 2145 4894 5833 4223 4664 3868 8622 5422 5141 4037 9200 7886 6159 8796 2739 6178 9516 2280 5442 4553 5201 3636 4278 4436 8467 2867 3577 9345 7584 3300 6968 2726 6278 7317 4313 4844 5215 
7767 1835 5942 1591 4360 2991 6483 6167 6167 1897 8879 9817 5503 8995 5975 7326 7500 6311 3741 2318 8344 7751 3718 7597 3304 7133 1286 4299 1560 6968 3309 5208 5401 3687 3036 5345 9899 9990 1944 1834 1495 9415 8617 5231 1250 8881 7997 6130 5045 5123 5202 1378 7817 5839 9567 2757 4087 4310 9738 7663 1921 3246 6505 5387 
3674 7004 6104 1759 3657 8613 5885 1829 6841 4733 4383 2257 8309 5332 9806 2678 7384 5269 6893 5388 4251 8460 9317 2272 1207 8339 7471 9740 7804 1215 8049 9829 9569 1568 9962 9542 4840 8997 2436 8192 6760 1325 6834 1990 4366 4645 1586 3903 9293 8189 4260 2483 4123 4068 7186 5567 6644 4501 4815 5065 5009 7477 7603 2541 
4429 5644 8759 9751 8574 2925 4432 5507 6242 3061 6517 5893 6864 3382 8467 2669 8423 5527 7141 1827 3472 1697 4423 1472 4457 7084 4880 1428 8163 5690 4627 8822 1182 5297 5793 7139 5108 9426 3295 4497 5325 6762 8390 4027 1552 1311 7244 4041 9952 9683 6445 3068 7060 9357 6561 3511 2974 3941 9562 4691 1602 5796 4432 5655 
5160 7585 5665 5433 6697 9509 4370 5031 9734 2179 7791 8773 5795 4678 6014 1747 1373 3676 3726 6326 7753 4463 8297 2724 7463 1483 2065 7363 3087 4433 9409 8941 8491 9775 8831 1716 1782 6092 7771 2472 3547 9429 3508 1869 9723 2927 4677 6706 4094 5057 8285 1831 5318 2921 2074 4173 2942 4604 7584 7953 7649 5610 8544 6367 
4230 4450 3396 6595 2247 4155 4415 9242 8419 9397 4107 4462 8061 1163 7762 3144 5991 6805 2022 4144 2809 4563 2963 7569 1970 1313 5926 6778 4269 8519 6698 5268 3041 4246 4528 8231 1834 9069 8552 4231 6954 3626 6141 8193 3316 3426 1437 2849 3261 1286 4909 8134 7405 8558 8413 8109 4620 4129 3460 8798 9885 7984 7531 9084 
6684 7629 8761 9349 6143 1013 4435 9172 9649 3545 8344 4050 9222 1838 6956 6649 2833 9713 7901 6702 6292 4276 1804 9533 8311 3678 3098 2179 1683 3493 6186 1324 2270 8425 3419 2324 6889 4793 5899 5255 2543 4796 1797 3757 2594 7839 4479 5996 7778 9964 1844 6660 9368 3391 7937 3876 3121 3695 3937 8250 3247 1820 6275 7485 
3505 6328 2736 7399 6618 6387 1878 9749 9163 9033 7275 4873 8804 5724 5410 6148 7175 9244 3800 3095 8144 8539 4106 2418 8363 8358 4041 6561 4951 1623 7971 3948 9594 6466 7138 4027 7736 3411 6682 3151 8618 5236 5505 3481 7044 2154 8251 2166 5427 6930 5384 7602 8592 2812 2823 8511 1824 8786 1334 2046 1563 3593 7500 3727 
1900 9682 5442 3409 8571 4561 4482 9119 7237 2175 8669 6202 6071 3748 5424 8655 8684 4430 5101 7163 5002 6115 4263 6188 7603 1104 6320 6622 6195 6025 8487 9132 8276 5124 3946 2274 6705 7883 7126 4825 2593 3728 4579 8607 1971 4035 3926 6055 7786 1228 3175 6069 5136 8613 2789 1644 1930 3219 4390 7932 6649 1937 7037 9154 
6605 1609 2017 2260 8931 1581 2689 7526 2773 4908 3146 7668 9901 5665 3935 1023 3266 3208 3103 2195 5079 1140 4582 7827 8152 6226 2663 2439 1235 9331 2456 7305 2244 6924 4194 2686 4847 9721 3742 4393 9743 7439 6482 5378 6438 9833 3265 3638 2089 8950 4014 8411 1242 9723 1492 3328 2559 9298 1257 3541 3634 5841 3014 4158 
7724 5079 4070 2500 5461 6863 6092 4412 7356 4016 9337 7973 2749 4153 1844 9915 8945 5618 1991 2220 3238 3987 2626 6611 9483 8359 8466 9361 2008 2303 9638 1333 8873 3674 3068 4499 7219 4090 4841 7191 9063 2921 6169 7719 8252 5072 6711 1025 9900 6452 4440 3330 9247 1474 2712 8058 9151 3184 7200 4795 3603 4976 3312 4737 
5668 8520 5501 4812 9047 8573 9974 7070 9852 3416 8179 2632 1970 7730 7648 4092 4603 1706 4264 2644 9320 2663 1638 5498 6541 3696 1258 1582 1172 5353 5954 9955 1302 7545 3613 6631 3933 9972 4473 6306 5415 9331 4737 4496 5357 8533 4268 6984 7774 2832 8989 7391 2209 4588 9283 8398 1810 5409 1884 5142 3012 3390 3236 3700 
2943 8818 3956 4954 2318 7757 1788 8561 9739 1499 6414 7305 1630 6870 8413 8000 1719 6127 6573 5056 1810 3861 5317 5433 3881 7652 5737 9478 7357 7088 9153 7802 3419 8438 7607 3784 4809 3453 3638 7891 3747 3538 3596 6361 9822 5150 7156 6293 3612 2771 3212 5398 1436 2294 3950 7717 8967 9257 1707 8804 5689 6153 3289 6830 
1508 6973 1172 9809 2677 6682 5040 5810 5039 6736 1136 2727 3953 2386 4637 4977 1119 4801 3676 7672 6368 2897 3756 5654 8138 2357 2448 2566 1630 5071 4862 5806 7780 7979 6817 1538 9514 7803 1909 7941 1026 7475 8499 3192 4881 9760 6753 6269 2201 2671 3090 7656 8490 3970 6749 7637 9417 3650 7259 6877 6115 8125 2417 1557 
9075 5848 4726 8108 6208 1208 5548 1845 5046 2250 6209 4949 5874 8591 7222 6570 5932 7778 6981 2655 7507 8468 4357 8965 4512 4086 9995 3423 4497 4139 7140 9934 8308 4423 2891 5101 2616 7378 3422 5684 2637 4756 2232 1389 2866 8079 1600 4863 1978 1596 4680 5155 2134 6251 1607 1111 7384 5167 7360 5661 3930 8560 2504 2060 
7498 4742 2507 5586 1123 8819 9141 3755 3692 6662 6682 5893 1648 5452 2207 6735 1460 6315 9608 1542 9416 1398 5748 1652 8121 1649 2490 6101 7051 8987 5239 1995 5131 9378 5134 4500 2660 5384 3194 7311 6779 3959 7542 7422 1584 5206 6842 8555 3785 6285 2361 7615 1711 8126 8503 6308 7429 7205 4432 6091 4541 6950 4776 3711 
5809 4554 9661 2670 5526 5372 8672 1377 6051 7255 9463 9258 4916 8592 8693 8316 9562 1391 8867 8578 2937 9029 4722 6296 7447 8171 3405 5858 1030 8365 1692 1361 7259 2478 8379 5362 8115 3945 9725 4264 5570 6568 2654 6505 3763 9687 6425 6898 7214 1992 8207 1130 7439 4383 8291 1479 5348 6347 2805 3633 9196 6220 1256 1788 
3111 6636 2303 7785 3709 2043 8727 1748 6242 8914 7975 2950 8772 2293 3016 1607 7716 2887 5116 6702 7848 4433 1486 1885 3793 8529 1639 8489 1039 2627 6804 1492 7265 2914 4365 7821 6586 3487 1670 4627 3072 9245 8586 2913 4536 7657 6311 9621 4793 4894 5376 9534 6218 8230 3145 7363 4045 4147 6447 3113 4207 3105 7372 1992 
4997 5045 9992 3475 2126 6525 7343 8229 8962 7977 5276 7579 2067 4615 6410 7259 8016 5623 3491 1957 4604 8622 7756 6316 4872 8684 6472 5639 2823 1285 2322 1124 8301 6822 5984 8304 4528 5258 5551 8122 4763 8191 1130 2980 9468 7422 4396 6673 9138 9357 7135 1990 2618 3422 5872 7619 5560 6700 5227 4358 6715 2156 2674 3853 
3694 4626 2604 3953 7879 8627 7678 6748 9237 8320 8734 5815 3247 1047 2799 2421 3660 2446 8760 9902 7630 5488 8376 8667 6606 5713 8699 6793 5435 9455 2138 1095 3544 5216 7935 2543 2741 9319 6437 3328 1637 1262 5977 8763 5330 4647 5103 6585 5096 1674 3227 3778 5803 9639 8580 8615 9002 7627 1482 9462 7870 2203 3026 6107 
7697 5277 1642 8324 7203 1549 2486 8773 7208 3314 7662 4503 7215 6323 3698 5782 1818 6062 6334 9463 8398 9380 6420 6819 5042 5440 2557 2717 7431 3906 2145 8510 3627 1087 7960 7572 4797 7261 7310 2611 6813 1083 6380 1121 9930 8253 3676 9724 5678 2506 9144 5518 1509 7494 1154 3890 4336 1803 3847 9841 4625 7462 9798 2209 
2847 1224 9610 2587 3407 8429 8116 6509 8135 6724 9865 7755 4346 5288 8220 8086 8680 7653 3142 2224 6103 7897 9311 8395 1878 7819 7462 4036 7128 3641 9962 9717 5247 2695 3161 7265 8407 6940 9716 6321 3508 5811 4095 3099 3844 3717 7731 4256 3161 7242 4196 4977 5870 2206 7399 9533 6443 2172 8822 2496 2767 6374 1295 7562 
8101 5998 7878 3694 1390 6867 5790 1129 7162 9561 2048 2631 7416 6258 7406 5269 2778 5039 1131 9222 4208 8999 5417 1662 5646 1631 4416 2533 7774 9018 4368 8865 9584 8720 1798 5906 1944 9224 1162 9168 4560 9731 9400 7587 2942 9578 6864 7246 2095 2597 5136 8989 3587 8905 7391 1238 7275 8351 6839 4519 5232 8732 7921 3251 
4282 8398 6795 2324 7262 3275 8504 5280 7353 1528 8351 5065 2039 8367 8674 1802 4589 4620 5915 8415 8120 4554 2784 8962 1784 2808 5724 9936 7862 3628 4726 2566 6059 6039 4639 6046 2911 8315 3700 6794 4963 6686 8545 7593 2396 3988 3318 2092 6993 7682 9045 8094 3373 4271 4834 7066 3757 4315 3955 1763 6136 6296 5708 2524 
1482 2909 7150 4870 4432 7790 8459 2187 3721 6436 2073 4851 5693 6725 4063 8230 4690 1495 4515 5414 1491 3200 6659 7728 1391 3349 1468 6889 5870 2320 6062 5871 4183 2679 6046 5341 9945 6561 4143 1954 3201 9081 6042 1679 6919 8198 2161 4293 9983 4008 4117 5618 5774 1085 9798 6156 9041 9438 7625 3018 1430 7613 8006 3853 
2883 2868 5190 9247 9698 2104 1594 6185 1443 9705 8077 3803 2851 8651 6453 6889 5902 9666 8637 9789 2814 4862 4355 1051 5431 1624 9448 8074 6761 2626 6527 7513 8650 1859 6946 4647 1261 4313 1656 5781 3063 3334 3564 3721 4482 2128 5025 4603 6903 6807 6888 7427 9624 1880 5622 5746 4648 4690 5439 2135 4921 8397 2462 5127 
2813 6087 6152 7074 4421 2813 1184 3315 7029 6244 4889 9770 2440 8191 2402 3357 4332 5322 7845 8565 3010 8117 9955 9793 1428 8730 3508 8681 5536 1992 1398 8441 9645 5809 2099 3035 3563 1419 4687 9771 7438 7464 7538 8608 9666 8306 5668 2429 1675 9907 4680 6258 6199 7320 6839 1050 7461 5040 7829 6613 6794 3557 4779 5084 
5304 7464 7924 4246 2187 8001 5975 3184 8223 6128 4493 3453 5717 3326 2651 1542 5647 3440 6437 3733 2698 4998 5647 9477 2280 5981 5237 5641 5584 3451 2696 4293 1170 9212 4184 2934 1785 6915 7786 1006 3600 3136 1253 2016 6750 9542 8250 9856 9447 8619 2827 2993 1062 5309 4679 9412 8999 2262 4969 4784 7371 5282 8249 9555 
7238 2821 6714 3805 6139 8187 7399 8303 8563 8103 6574 5980 8501 5777 9231 6928 6878 1820 1259 7809 2764 3286 4737 5834 2539 4852 6799 2576 2246 6595 4862 4747 9845 8389 4226 4154 1995 8307 3899 7391 8085 1370 8640 8295 6370 1489 6399 5709 9586 2583 4250 4037 6023 9622 1722 8074 3040 9082 7556 4720 1491 6838 3096 9588 
3418 8424 3035 4803 1438 5893 1187 7954 4885 6711 5229 6110 5759 2433 3451 7876 2873 8315 2659 5171 8999 8415 7505 2702 1479 4653 3605 5300 9551 6607 4925 7130 4386 5851 2388 1102 8095 7209 5425 6493 6290 5117 9550 3830 8183 4068 1360 1669 3894 7031 5290 5090 8261 7601 3500 7397 5910 2526 1525 4683 9079 8056 9600 7958 
8092 3297 1148 2173 1031 9139 4592 2471 9164 8306 4272 3561 9901 4647 9724 1953 4438 5218 7309 6417 7643 9170 4776 6788 1680 4210 8495 9994 2583 7863 8566 1067 1815 1238 2292 7474 1573 2002 6533 7588 6248 8471 6023 2704 3317 4162 6559 7027 2805 3505 4833 5844 4693 7200 1594 2656 6377 4622 8353 6106 8029 8056 6573 7954 
4730 2031 3532 7194 6393 8289 2808 8505 9354 2767 4153 6372 2887 9145 3668 6890 5355 3225 6388 1517 7457 6019 7160 6372 2363 9493 2371 8123 9845 8023 2420 9186 3542 7010 5986 8486 4834 8621 9645 5138 2921 2928 3579 3522 7316 8535 3299 5944 3565 4269 6506 9244 5070 3502 6658 8569 7052 2914 9700 8551 1303 8774 3010 5456 
3479 2244 8084 8035 2035 8902 5838 2497 6922 1415 6885 3006 7903 3007 9888 9429 9322 1383 9751 6426 6158 3565 1531 3804 8215 2742 8383 5732 3201 2326 3748 8158 5109 1068 8268 8565 7863 5450 2439 9333 7045 4870 8145 2412 1497 5611 9470 8707 2588 8349 3140 8231 5937 7423 2366 7799 9850 1385 9564 4775 4289 2239 2745 6647 
6467 9576 6905 3171 5260 1604 7451 7880 3486 8751 2779 5799 5516 4986 2135 7517 1633 9573 4877 8168 4468 2316 1023 4141 9141 7816 7465 4620 7050 2168 9340 1770 4121 9493 4877 8554 6685 4836 1837 3661 4700 6769 8418 8159 7780 7200 7017 5970 2546 3470 3181 3149 6302 7875 8653 4081 3900 7166 9845 5431 8946 7054 8257 7607 
4793 2709 6562 2632 1400 5053 8766 3610 1001 9502 4057 6029 5277 8669 3958 4964 4649 1147 2282 5858 9881 6262 4299 9810 2225 2740 7002 5251 7299 6055 9427 4508 8015 1438 4445 6875 9949 5092 7177 1106 7901 8667 6550 7872 9299 5073 2637 7726 6958 8010 2014 8571 9862 7017 2998 7359 5290 2231 3312 3861 3770 3886 5605 9301 
5758 8835 3203 3771 4110 9457 3792 9772 6383 2700 4273 6204 3619 2555 8306 5639 6254 8459 6157 6995 8809 5581 2023 5202 7021 6026 8813 5086 9666 4154 9541 4909 9835 7333 5308 8341 8600 1292 7138 1621 8257 3180 5385 4474 4068 3388 7999 3556 4850 1226 5198 1690 1607 5859 1193 6801 1635 5230 7203 1109 9299 5515 8690 9625 
8691 9777 8719 8314 3951 4335 3642 1101 1873 3410 4262 6914 6179 4726 5053 2674 4087 8505 8713 5882 1740 6089 3038 3813 8306 6915 9346 3683 8163 2291 9170 5973 4260 4382 9517 3271 2891 2158 2255 9535 6974 6777 2632 6808 7639 4081 4008 5130 3501 5321 4164 3427 2368 9328 7736 1933 6625 4865 6686 1502 1752 7202 4030 4434 
9531 8488 3069 4505 1972 5879 7762 4709 9264 4019 6086 5851 3291 6808 5897 7672 4520 9700 1666 9052 6786 9265 6680 5340 3943 5034 1428 7261 1698 6994 5894 1464 9141 1262 6457 1059 3788 5091 3209 5092 9424 8514 4627 8115 7789 2622 6029 4359 6262 4874 3377 1687 3040 3514 5761 2247 7188 8383 4175 1931 9304 2675 1276 6289 
4583 7062 7798 6501 5724 4037 2016 2435 7554 4249 2597 5509 3497 1006 5485 4910 4916 1430 6220 8290 1353 1836 9343 2430 6837 5585 5025 8134 2197 5405 9915 2370 9873 4860 5155 7549 6863 8068 2893 8047 4661 8887 9084 7105 8002 4610 1175 5293 4862 2331 6773 1829 8604 8896 5149 5037 1766 7785 1810 5935 4877 4562 4215 7324 
9589 8761 2038 4875 4379 9006 3427 3785 4056 7240 2461 4355 2588 7810 7914 1950 3723 6180 5279 7382 3301 5066 6941 1868 4752 4834 2260 3857 1043 9750 5189 1984 7415 7718 6320 2072 3111 7163 4578 4450 7450 6951 6079 9294 6047 8155 9133 3579 9988 5067 7882 4990 9439 1309 2643 6393 6918 3011 7394 5641 5488 9054 5824 8089 
3834 5657 6655 3766 7293 5409 5174 6210 5021 4122 1322 8319 8322 2133 9859 5663 3693 2794 2073 3579 2128 5571 4925 6260 3292 6111 8045 3695 2079 9100 6080 7712 1358 5541 8716 5690 6601 9702 7878 7420 4884 9266 4533 6329 1784 8243 2511 1738 4976 7843 6865 2432 2093 9671 6419 4947 9463 2807 7984 9798 4605 7058 1320 9011 
4832 7500 7046 6387 4717 3354 9696 1295 1090 9079 7316 7905 9662 5113 1675 9906 8720 2470 7671 7970 7869 3615 6843 1858 5364 9777 8736 6111 6153 4065 8401 7334 6072 4700 5167 8324 2231 1696 1004 3567 4958 6802 7328 4652 7426 8601 4032 2803 7005 8223 3750 3566 3536 1027 4932 6461 7336 8923 8182 3379 2456 4966 3122 9669 
1989 9928 7531 5839 4476 7234 8151 3237 3651 9718 9682 7175 8664 5580 6969 9558 6024 4158 9349 1091 5276 5395 9656 4880 3294 3384 7766 5700 1893 7075 8256 2148 1922 7791 9584 7408 7807 9141 3457 9065 1071 1441 3499 2921 2259 8426 7826 2868 6261 9557 7298 4032 5316 8570 5589 4517 9226 4053 8778 4478 1263 9713 9364 8452 
9114 7169 7016 7513 7244 8578 3156 8925 9930 3061 8836 4310 7260 2945 3471 3296 6844 9705 5984 7274 9541 8333 2750 8246 4923 7225 5150 2606 2347 6733 8188 2517 7489 6190 9271 4472 7523 8412 8823 2035 7284 3042 8942 5964 5510 2492 3962 8247 1085 5289 9924 3827 8837 8662 2614 1975 2899 7262 4062 3809 3040 2825 9730 4795 
6443 5081 7237 8586 9325 3188 2103 5507 4698 4054 8148 3697 9315 8671 4151 7793 5600 9064 6440 3991 6808 9678 8300 6145 4009 3874 3245 6823 8403 6964 2410 5781 8612 2683 4603 6968 1076 3078 7486 6128 7551 2985 7729 2258 7548 5043 4649 8784 4209 7232 7571 5147 3193 4936 8910 9623 1616 5591 2288 5569 3552 6954 1399 9962 
5953 3932 5806 6573 6417 7520 3670 1210 3611 8511 8572 4411 2132 1350 7533 9129 8374 1442 5390 9966 8097 1989 1112 5852 9354 8760 7365 5239 1317 2672 2921 5244 8291 7245 9230 2266 5271 9343 5652 8094 3710 1521 8573 6202 9459 2206 4523 3596 6940 8798 9831 2692 2162 5532 8372 7841 7985 7770 8139 2432 7937 1876 3733 8409 
7426 2232 7348 1523 2259 6624 4823 9500 3478 2613 9562 4880 7076 8677 9394 1809 3227 9470 9805 8434 4456 3259 4781 3251 5476 6732 9173 1848 7028 8328 6682 1899 1047 1404 9211 5669 7375 2323 2414 8205 1527 8350 2292 9646 4122 2515 9899 3206 7003 7341 3203 7734 2961 1724 8086 4612 5176 3228 4022 8693 1319 8557 3655 5676 
9211 7457 5027 1520 7448 6745 3063 2685 1953 9444 1854 3692 5226 5673 5489 6447 8712 5407 1103 7172 8685 8456 9502 5434 3480 6907 2122 7007 9733 6704 1554 7867 9012 4744 4038 4493 3752 2191 1825 9493 4579 2193 2853 2695 6526 1218 3664 3840 7790 9285 7166 4525 6971 2841 4645 4384 6875 4941 9481 7353 6203 1079 6942 7757 
1933 1623 7260 2839 1816 4109 1470 1674 7844 2870 3067 5868 8605 7705 9266 8056 3754 7905 3009 8977 7611 7707 7330 3459 6095 6443 6016 4021 8922 4784 8578 8068 1432 4489 5212 6770 2089 3436 4111 4631 3645 3401 9052 5071 2114 8123 6717 6840 9161 7699 5818 2232 8743 1303 4365 8989 5668 2503 3656 8144 7917 5788 3221 2022 
9052 7474 9960 2650 4854 9247 8669 2181 3546 2292 3421 6325 2168 1773 7502 1035 9240 8402 8302 7487 3840 2188 3763 3417 7334 9168 5375 1387 8812 6775 7750 4054 3587 9352 8092 3100 1859 5975 1065 3740 7114 4491 6189 4221 5719 7082 2277 5704 5685 6326 5428 2465 3326 7985 9342 8054 4749 5292 3720 9785 1168 1769 7352 8283 
7205 9935 1887 4954 2659 1643 6420 5353 2331 1246 6392 3535 9414 9218 3977 5553 1791 1572 5089 6281 2154 8709 1864 9345 9322 2626 3673 3877 6341 6642 4038 9252 9893 3196 6501 7232 2097 8926 7712 2595 6364 3934 8058 7386 8647 7813 3325 7811 8578 5203 7996 4503 9995 5840 6576 6103 3353 4516 7130 6456 8715 1008 8667 9972 
5695 6642 6576 8645 1161 9362 8660 6209 7048 6092 4378 3629 3472 1939 2344 9358 8455 4160 7486 4686 9625 3458 1423 7960 7510 1193 7936 1744 3669 4114 4203 2468 8986 2125 7575 8912 3592 8829 5945 4734 8442 7633 9676 3820 6370 8300 9807 6376 8868 4962 4278 7164 4575 5540 6674 1818 5765 1839 4090 7819 5000 7635 8415 6255 
6265 8575 7029 7015 3026 4024 8831 2838 7420 6932 9683 5554 1976 1475 7746 2412 3736 8777 9557 2566 7317 1048 3986 7053 6423 8765 3125 4603 1419 7807 7674 4464 6350 7593 6962 9027 6485 9084 8868 1129 9270 2821 1225 7163 5245 8871 1643 9591 1681 1498 3383 8128 8251 2285 2084 8289 8323 2511 5680 4999 1105 2555 7889 7788 
6587 2534 3096 5159 7163 9914 2806 7709 6086 8971 4877 4734 5146 3037 9355 3119 8776 1525 4840 7153 7597 4436 1839 9241 4227 8151 2257 1301 3596 4326 6284 6627 2349 5189 8656 5518 5423 1220 2283 3364 6751 9206 4612 9585 2797 4928 6205 7505 1228 9855 1368 3864 1622 2805 1806 4077 7910 6919 4601 7213 5878 3414 8497 4267 
9765 1062 7008 7270 1498 4519 4365 7528 5608 8827 5537 8581 3882 9803 2520 4690 1625 5747 1562 6338 3019 5344 1485 2867 7765 6704 5617 9823 2405 1095 4440 1664 2869 9106 7114 6862 2547 5406 4784 5288 4594 5927 8071 9220 8790 7153 5137 8803 1916 6206 3575 1539 1305 2064 6193 4370 5864 4401 9498 8407 8057 7653 3336 4857 
4141 1356 7157 1849 3356 5822 5636 1094 6399 6178 2344 3191 3463 3369 5820 6374 8030 6143 4661 7337 8428 2037 2897 3836 8701 7309 2954 1623 3810 4881 2442 8554 9356 4356 6269 7013 3218 3425 3505 4734 8587 6154 3585 6430 9020 9518 5237 9617 6746 8145 6873 8933 7148 1232 1422 6823 3830 8858 7401 3625 8881 1557 1716 3734 
6888 3907 3132 5033 8758 9205 2351 3024 8961 9517 7005 3945 5885 7496 5198 9893 9692 4917 2686 2644 9987 1579 5440 2294 1633 4286 3789 9086 1798 6900 5948 6614 4309 2882 4640 3934 6932 8808 3130 9358 1512 8635 9306 8119 8859 5874 4703 5288 5868 3230 8550 6221 2866 1619 8363 9740 8443 1198 4699 5766 9145 4672 8081 6269 
2039 4096 1770 4998 2317 4200 1341 8539 4039 7884 3757 4299 9325 1842 2061 3190 9874 5424 7947 5151 6576 2023 9211 6579 3704 9915 7183 8529 4616 7296 9549 6596 3880 5561 1382 7340 1244 9103 2890 2051 4939 9589 2327 9738 9446 3762 5505 1333 8009 3064 1317 3405 7318 3132 5175 5185 2477 4769 5624 8002 2481 8141 3765 9676 
7547 2880 5368 1800 1837 1532 4205 9323 3469 3095 9770 7126 6165 4149 2112 6927 5791 3074 4750 5901 3084 5925 9788 2182 8005 6449 3066 3855 1887 9973 9519 4265 9319 5970 8446 6730 7514 7473 2503 5110 3437 1879 9072 5450 8473 4526 4542 6626 9227 9361 2919 4294 1819 1300 7211 7956 9277 6581 9243 9477 3161 3402 2680 9124 
7979 1499 7537 1123 2999 7482 5703 2363 6171 5403 4605 7977 9538 2765 1348 5757 4227 3591 9343 9411 6694 7606 1574 6017 4346 3740 6395 1148 1896 4258 1129 5321 7836 2714 4354 6766 3745 6104 9902 7399 7846 8299 7649 9594 3785 9238 2768 5647 9087 8400 9985 5774 8034 9840 5724 3879 1808 2565 3609 4052 5846 3524 1332 6186 
8941 7984 3115 9186 6158 3145 4134 5097 1987 7894 1067 4460 3078 5231 3650 3227 3549 6234 2805 6953 2430 9897 5671 3768 9658 6553 2416 7265 4336 5064 7718 6334 8429 1338 8834 5006 5652 3204 2077 1529 8814 1793 2892 7141 4772 5985 4947 6143 3811 8994 5016 6081 8872 6873 1903 1265 5126 3293 4196 7075 1822 4145 1403 3133 
8350 3283 8882 4913 2801 7670 3373 8589 8040 9430 3928 5231 7702 8348 6276 2449 8293 4890 4824 2229 4431 8824 3532 1353 7381 1111 7904 7000 6482 9190 9153 4000 4654 4166 6721 8781 3439 7033 6289 7845 2483 5905 6399 1269 5571 2896 2288 1630 7907 3197 7753 7473 1706 9105 2025 4459 6701 9061 7919 5590 2050 6610 3906 2186 
2177 2807 7703 5932 6927 1450 4303 5142 8830 3586 1683 8360 4496 2923 8783 3014 1998 3326 8185 1932 8463 3952 4337 1930 2532 1101 4744 8001 9230 5756 1930 3469 7406 9044 7899 4707 2586 9804 4959 7439 5066 7011 6136 7946 6588 5746 4002 7957 4940 9822 6963 3290 3638 3054 4527 7253 7165 9863 3417 5810 1915 2327 9434 9497 
9647 9517 6183 5623 3537 3190 1189 4026 6135 8701 2784 1585 8105 8766 4548 8135 4853 6005 4179 6492 9982 9072 9653 9897 7111 1101 8703 3615 4654 2875 5305 7474 8311 6404 6304 9269 2480 2552 8920 3942 1596 6318 5939 9271 5651 4445 8249 5905 2707 8517 7188 3271 6230 7588 3965 7335 3366 4474 3683 9009 5808 2791 9359 6657 
