3896 4605 3381 6273 1907 7245 8297 1475 5784 8312 8179 8715 3711 3019 9802 9126 3158 7441 4556 6427 5911 9114 9977 7603 8245 7167 1019 5047 8075 2047 5603 8805 
2506 3157 7868 4616 6499 9825 6079 2973 3317 4612 2820 5422 1301 8874 5203 7373 5564 5653 3265 2094 4886 2153 7744 6309 9971 1904 3971 8430 6738 1625 4516 7265 
2738 1437 3211 6114 8677 2362 2289 5311 4475 4148 4479 9582 8909 6610 4683 7753 7131 8057 6287 8906 2445 4637 6292 4150 1423 8940 9898 2308 9618 7517 3430 2544 
9619 5305 4752 1900 7517 7256 8677 1367 8880 2012 3072 5406 8700 2029 2526 9296 7120 6280 5337 2562 2443 8426 7017 6231 9839 9243 8411 1810 8375 7578 5548 8159 
8124 6985 5062 5800 6716 6567 2097 2846 5771 6894 8823 5905 4368 3490 5219 2823 8624 6483 3236 6270 3723 4604 9422 1455 5932 4011 5668 6437 1188 7433 6364 6191 
7255 9598 3612 9783 1616 9081 3673 7688 8654 5696 5699 1238 7057 7583 8450 9647 3681 5944 8149 5293 4649 9141 8384 2220 9658 7476 3441 7654 5099 6040 3214 8491 
4880 6780 6831 6326 4406 3025 1148 6684 8253 4390 8160 8351 9591 3179 2858 5583 3153 5573 8856 8128 1183 8035 7223 7886 9212 7103 6947 8366 1139 7517 1252 9156 
4755 9517 3288 7018 4335 3101 6318 7733 7303 6140 3791 5859 3420 8408 9936 8238 5700 9035 4096 6289 2914 2287 9462 2985 4542 5895 8310 2678 7743 3791 5520 7740 
6721 4810 9987 9613 7164 3966 6037 2312 4041 4229 3937 9312 1920 7531 8287 7150 2480 7458 9050 9483 6565 2696 3961 8008 6333 2397 4349 5733 3301 5539 3887 4012 
7988 2434 2530 1749 5941 2358 8962 3780 9846 5981 8819 3500 8343 1629 8354 7976 6849 8876 1698 5895 1517 8466 4870 4094 5936 7357 6768 1518 5048 7480 4149 1939 
3794 9312 6672 9314 8969 2858 2778 1235 1222 7789 4042 3024 6339 3317 3464 2341 3871 7929 7044 5810 8326 3271 2500 1476 9058 9692 3517 9422 1988 8823 4697 4603 
1362 9657 5226 8075 1647 3491 2375 8475 7585 5307 9488 3023 5726 1327 7642 2882 9153 1192 1389 7361 1268 1069 3281 2180 3158 2389 6357 6720 3074 6138 3551 2783 
1041 4983 2317 5482 3735 4875 8704 4516 7989 7136 8165 6518 8606 9845 4755 4418 6044 4963 6103 5304 3711 2985 8582 6796 4736 1357 1777 6343 6573 6892 2883 4367 
8590 7858 8586 9089 6441 2465 3284 2677 4058 6611 9031 4565 8252 9160 1121 6558 3953 9124 5567 2556 6916 6551 1111 1267 4936 6317 9546 9618 4248 6674 5165 1287 
4320 4388 5682 2137 4826 2980 7428 1205 9557 1761 9014 7051 3115 9724 1015 4488 3011 3530 2685 9873 5039 8782 9963 8018 8668 1712 1190 5295 1080 5982 9615 3996 
6245 7904 2818 3882 9361 6278 6537 2970 5957 1836 2734 6998 2824 5659 7692 5431 1561 2587 4635 5462 2396 4712 4684 2388 4581 7969 3055 5495 7827 1395 1715 8559 
6012 1654 7074 1219 4701 8573 6736 7232 8292 6987 3480 3719 1065 8356 9585 6202 3388 1685 3792 1988 7662 2930 9764 6396 7414 9161 5470 6969 6926 9145 5966 4616 
6582 4075 7071 1931 2269 3000 7561 5059 5960 8897 9327 5905 5867 8214 8489 8633 8766 7419 6069 2033 6503 2403 9102 2546 1304 3134 8966 9780 1272 1433 7160 3144 
5581 1474 1246 6574 6341 5891 7595 2004 1803 6296 8295 2988 1100 3967 8138 7936 3549 7646 4905 7494 8033 7172 2229 6145 6258 2383 9069 9156 1815 2704 1297 1100 
5971 3436 9286 3177 4794 3492 7314 8282 2226 5756 2991 5616 7829 9572 2602 3965 9593 7308 5980 1997 1478 9673 8024 9278 7885 5933 6991 3205 3956 5607 1495 8179 
6304 6819 9966 6948 1206 5356 2729 9483 6737 4597 4427 9420 9175 1201 1280 5713 9563 8373 6329 3281 2306 2844 9788 2347 9994 9822 4134 7796 7964 7074 8739 5102 
1019 9125 2018 8935 2532 9812 2804 6361 7823 3310 2361 7822 7418 4175 4825 6547 6776 3061 3181 5023 3931 7217 4411 9618 5515 6053 7707 6810 8173 8211 4526 4195 
4262 3189 9439 1091 4363 1584 9784 1595 7890 8918 9533 2589 5070 3769 5407 3061 6140 6043 1909 7055 3997 5848 9082 9712 9773 9022 7183 2691 6058 7326 6557 9413 
7255 1368 7865 2216 2450 6226 3581 7382 1120 9818 1055 7416 2271 9728 1245 3267 5819 8604 1543 2611 3427 2424 5048 9036 4105 4771 1193 8427 9181 7256 7419 1632 
7369 6828 1017 2042 4299 6051 9090 6567 1954 3319 3890 2336 7526 2999 8337 4079 6461 4470 2619 4637 7151 8187 1591 8381 5773 9778 2078 1406 2566 5375 2241 5392 
2776 5910 1628 5839 9392 9993 7882 1713 1456 9599 7796 8339 7579 3160 7952 2336 9508 3216 8594 8228 6883 1039 4812 4697 2415 2175 3464 6889 8473 4311 5644 4768 
7484 1431 2545 3983 7900 6551 8203 3128 3304 3371 6578 6667 9430 4055 9561 6034 9017 8567 7377 8693 8658 5808 3805 5199 6148 1581 7227 7397 8921 4273 5679 5149 
7730 1465 5471 6296 3400 1575 2216 1034 9909 2305 8107 2894 2127 6927 4763 5931 6192 6014 4539 7475 5175 1499 1169 9938 9365 8196 2163 9667 7689 1968 6041 7104 
4906 2574 1620 8406 1504 9795 3679 4978 5006 7832 9084 6632 6506 3571 5951 5057 9412 7059 4831 8183 5210 7079 2163 7526 3832 7002 4887 8528 2989 7452 4265 4228 
2687 8358 7634 2596 9463 6168 1867 8704 2016 9384 7179 3395 4372 8630 5951 4424 2961 4242 1734 5772 3678 2110 7753 4668 2543 1653 8369 8454 5236 6138 4515 1195 
6990 5777 2380 9581 1635 3360 1546 4420 2794 6700 2680 8582 3874 2870 8216 2669 4814 6287 3658 6264 1903 4044 1699 2082 5404 1604 8760 1985 8960 9978 2410 7945 
4953 4843 6797 9383 8683 3452 1532 4357 9636 5292 6400 5444 9348 4506 8824 1016 1781 2946 4662 4611 7113 6576 8592 9304 9884 4514 2130 9469 7958 7260 3870 3342 
